{
  "joint_poses": [
    [
      -0.347432148,
      1.2577996200000001,
      -1.1249635599999999,
      -0.240186436,
      0.9983550080000001,
      0.18839519999999998,
      0.04277
    ],
    [
      -0.476099092,
      1.317353436,
      -0.935120508,
      -0.6071733080000001,
      0.9460404519999999,
      0.321440588,
      0.04277
    ],
    [
      -0.38402966000000005,
      1.106315924,
      -0.9325039080000002,
      0.303560488,
      0.8774506440000001,
      -0.410649204,
      0.04277
    ],
    [
      -0.672483644,
      1.299874548,
      -0.9325039080000002,
      -0.63740376,
      0.6678958719999999,
      0.26930047200000007,
      0.04277
    ],
    [
      -0.0029480360000000002,
      1.2447689520000003,
      -1.0039022,
      -0.517528592,
      0.750074556,
      0.283395224,
      0.04277
    ],
    [
      -0.0029480360000000002,
      0.8812708800000002,
      -0.5047770280000001,
      -0.629745844,
      0.9163333200000001,
      0.35974761200000005,
      0.04277
    ],
    [
      -0.1120777,
      1.254886472,
      -0.6755014559999999,
      -1.353008972,
      0.835619932,
      0.8895218920000001,
      0.04277
    ],
    [
      -0.11373488,
      0.9868768560000001,
      -0.8825617360000002,
      0.139691552,
      1.1326214760000002,
      -0.13034156800000002,
      0.04277
    ],
    [
      -0.5461716400000001,
      1.523750844,
      -0.9676884559999999,
      -0.425145168,
      0.5716398800000001,
      0.28548850400000003,
      0.04277
    ],
    [
      -0.14966952,
      1.322202868,
      -0.8728105400000001,
      -0.28632581600000007,
      0.5413745400000001,
      0.10422789999999998,
      0.04277
    ]
  ],
  "R_base2gripper_samples": [
    [
      [
        -0.8184855656855365,
        0.46943816906661195,
        0.3312237675466756
      ],
      [
        0.3738337804918437,
        0.8729357651701348,
        -0.31341897589330353
      ],
      [
        -0.4362679031599771,
        -0.13270627456988676,
        -0.8899771690117553
      ]
    ],
    [
      [
        -0.8476981380427182,
        0.5264910866046388,
        0.06492305048883287
      ],
      [
        0.4217234548268495,
        0.7430849051874344,
        -0.5195903687824555
      ],
      [
        -0.3218030366665533,
        -0.4130762150117681,
        -0.8519453305134881
      ]
    ],
    [
      [
        -0.8446619311305248,
        0.0732320503294935,
        0.5302671863347678
      ],
      [
        0.09844788511691142,
        0.9949528869064961,
        0.019410480479282507
      ],
      [
        -0.5261693985921837,
        0.0685989769673552,
        -0.8476083673160453
      ]
    ],
    [
      [
        -0.7754468584723874,
        0.6005750451709534,
        0.19491481422204177
      ],
      [
        0.3780431814924542,
        0.6888564940849059,
        -0.618514416553176
      ],
      [
        -0.5057326592305158,
        -0.4059388447475305,
        -0.7612149050778444
      ]
    ],
    [
      [
        -0.8243871686548913,
        0.1459266464836245,
        0.5468923203000889
      ],
      [
        -0.059078344838460646,
        0.9387356530461363,
        -0.33953662964574566
      ],
      [
        -0.5629347611653767,
        -0.3122191338564752,
        -0.765260522388025
      ]
    ],
    [
      [
        -0.9238716880332696,
        0.17075966508913804,
        0.34249414714590776
      ],
      [
        0.0014673400906214523,
        0.8965100110165651,
        -0.44302104584335156
      ],
      [
        -0.38269955704653713,
        -0.40879204606465125,
        -0.8285107797190454
      ]
    ],
    [
      [
        -0.8603986466634751,
        0.32136848177429145,
        0.39552050230265917
      ],
      [
        -0.10105838743196362,
        0.6531017751092331,
        -0.7504966846554489
      ],
      [
        -0.4995011222703229,
        -0.68569699596196,
        -0.529450902897929
      ]
    ],
    [
      [
        -0.9360444426604473,
        0.0004037413406517542,
        0.35188156865261133
      ],
      [
        0.029040262989477726,
        0.9966766874982358,
        0.07610679156978023
      ],
      [
        -0.35068142877830666,
        0.08145807259243157,
        -0.9329453992166592
      ]
    ],
    [
      [
        -0.7942552715556377,
        0.5508274944284823,
        0.2564130164163291
      ],
      [
        0.422135220848034,
        0.803809428439314,
        -0.41915660327811255
      ],
      [
        -0.436990181726846,
        -0.22467637644777835,
        -0.8709535618737858
      ]
    ],
    [
      [
        -0.8516663749533999,
        0.13800346755076823,
        0.505588200730297
      ],
      [
        0.01748296880455418,
        0.9716520138146227,
        -0.23576833937525835
      ],
      [
        -0.5237926417729768,
        -0.19195678418319076,
        -0.829936058639781
      ]
    ]
  ],
  "t_base2gripper_samples": [
    [
      0.222276,
      -0.097532,
      0.322283
    ],
    [
      0.19668,
      -0.144945,
      0.268486
    ],
    [
      0.198533,
      -0.059872,
      0.305575
    ],
    [
      0.181966,
      -0.186113,
      0.277472
    ],
    [
      0.25038,
      -0.032871,
      0.304777
    ],
    [
      0.126804,
      -0.041255,
      0.233869
    ],
    [
      0.213654,
      -0.087847,
      0.246688
    ],
    [
      0.160339,
      -0.007197,
      0.304165
    ],
    [
      0.245443,
      -0.172089,
      0.221957
    ],
    [
      0.255476,
      -0.054015,
      0.2522
    ]
  ],
  "R_cam2target_samples": [
    [
      [
        -0.4622342062851582,
        0.8793982685596208,
        -0.11400975306644073
      ],
      [
        -0.8727846529379147,
        -0.47390885858919785,
        -0.11686463685275938
      ],
      [
        -0.15680079124791868,
        0.04548713010319235,
        0.9865821977204949
      ]
    ],
    [
      [
        -0.5179543147066688,
        0.7606545483919829,
        -0.3913157112707512
      ],
      [
        -0.7613124860815954,
        -0.6185010627181264,
        -0.19457577946087973
      ],
      [
        -0.39003413493309264,
        0.19713217248114756,
        0.8994510993710872
      ]
    ],
    [
      [
        -0.07420564540343483,
        0.9938192831306675,
        0.0825636401081383
      ],
      [
        -0.9972422987194051,
        -0.07404621543653894,
        -0.004995560465334781
      ],
      [
        0.0011488407621771668,
        -0.08270665304056354,
        0.9965732736270481
      ]
    ],
    [
      [
        -0.5871609289466991,
        0.7118755752636419,
        -0.3853248095587778
      ],
      [
        -0.7733770621654261,
        -0.6339035710122388,
        0.007360867768556628
      ],
      [
        -0.23901875080173926,
        0.30232338315285945,
        0.922751650642894
      ]
    ],
    [
      [
        -0.12397220864523933,
        0.9474428501192871,
        -0.2949286985721519
      ],
      [
        -0.9920665162875044,
        -0.11209692138218658,
        0.05690612864894823
      ],
      [
        0.020854705579221255,
        0.2996436649997425,
        0.9538232306254268
      ]
    ],
    [
      [
        -0.1575916488736543,
        0.9102051863190794,
        -0.38300312140129245
      ],
      [
        -0.9686580319378255,
        -0.2178955675942874,
        -0.11926080154477536
      ],
      [
        -0.1920064826187433,
        0.3522045434411851,
        0.9160160862188858
      ]
    ],
    [
      [
        -0.29664209971435757,
        0.6811721984056175,
        -0.6693339232373592
      ],
      [
        -0.947936626610384,
        -0.29504481685872147,
        0.11985285968773923
      ],
      [
        -0.11584306888019891,
        0.6700395452240573,
        0.7332307898802095
      ]
    ],
    [
      [
        -0.005508280853178282,
        0.9958245781532286,
        0.09112117420219766
      ],
      [
        -0.9802146247416178,
        0.012652951223537434,
        -0.19753276251797988
      ],
      [
        -0.19786093167852103,
        -0.09040637351027594,
        0.9760521191739858
      ]
    ],
    [
      [
        -0.5405872070638623,
        0.8158422560307328,
        -0.2053457689692613
      ],
      [
        -0.8157290450290897,
        -0.5680176656172925,
        -0.10927971743471492
      ],
      [
        -0.20579503554464648,
        0.10843129078529899,
        0.9725693078253147
      ]
    ],
    [
      [
        -0.1209594510995235,
        0.9778639759782768,
        -0.17073621664327154
      ],
      [
        -0.9921136614741894,
        -0.12478394637594542,
        -0.011808871373777105
      ],
      [
        -0.032852608815423553,
        0.16796133844072964,
        0.9852460072911837
      ]
    ]
  ],
  "t_cam2target_samples": [
    [
      0.04824769108888241,
      0.07356693190156911,
      0.36255332993459843
    ],
    [
      -0.09138569875464606,
      0.04629045129250981,
      0.2827190404046319
    ],
    [
      0.145576934525711,
      0.11781633169890383,
      0.3282349509436424
    ],
    [
      -0.12788807269313657,
      0.12828764565892606,
      0.2804657682334826
    ],
    [
      0.0383437224181389,
      0.18547139945963842,
      0.3578876171745204
    ],
    [
      -0.0013056954387920122,
      -0.0071057096637704865,
      0.2788183497021693
    ],
    [
      -0.13068260126444936,
      0.15539314941636498,
      0.2535033818962725
    ],
    [
      0.20040341219701208,
      0.018747239770775526,
      0.3139663176956851
    ],
    [
      -0.013066535614525388,
      0.13670863618721926,
      0.26026239610667523
    ],
    [
      0.07586998162196537,
      0.16657140172127136,
      0.30173898515026654
    ]
  ],
  "R_top2target_samples": [
    [
      [
        0.00967516366343868,
        0.9998957316144965,
        0.010719939701163916
      ],
      [
        -0.8217920043664637,
        0.001843107629962315,
        0.5697846123875362
      ],
      [
        0.5697054438632618,
        -0.014322320111465503,
        0.8217241498089178
      ]
    ],
    [
      [
        0.009821826439837644,
        0.9998886410739807,
        0.011235531879453087
      ],
      [
        -0.8220458400464317,
        0.0016764546164560468,
        0.569418849672432
      ],
      [
        0.5693366039415897,
        -0.014828855355268067,
        0.8219707637508225
      ]
    ],
    [
      [
        0.009810369255631834,
        0.9998938845371645,
        0.01076923025326687
      ],
      [
        -0.8214889908276777,
        0.0019184710827804263,
        0.5702211478169048
      ],
      [
        0.570139978079061,
        -0.014440884110201113,
        0.82142063905293
      ]
    ],
    [
      [
        0.009715254287219921,
        0.9998946401079184,
        0.01078529172491094
      ],
      [
        -0.8220970471414167,
        0.0018465310646922917,
        0.5693443908605675
      ],
      [
        0.5692644894207772,
        -0.014397882013820806,
        0.822028370604092
      ]
    ],
    [
      [
        0.00927078782035351,
        0.9998998894016835,
        0.010689418491722225
      ],
      [
        -0.8233784892779175,
        0.0015673813102197176,
        0.5674904463603265
      ],
      [
        0.5674168801574415,
        -0.014062520767257947,
        0.8233105912242755
      ]
    ],
    [
      [
        0.00991638611111273,
        0.9999030709259854,
        0.009773128428457678
      ],
      [
        -0.8214033299731841,
        0.0025715765660211942,
        0.5703419645291146
      ],
      [
        0.5702615494625777,
        -0.013683411371031962,
        0.8213492128551603
      ]
    ],
    [
      [
        0.009838192723406358,
        0.9998964578371587,
        0.010501598385021738
      ],
      [
        -0.8216419464656699,
        0.0020977769240471122,
        0.5700000974912919
      ],
      [
        0.5699190484376201,
        -0.014236324549549706,
        0.8215775102151213
      ]
    ],
    [
      [
        0.009559613063015004,
        0.9999107042747153,
        0.009337948111247385
      ],
      [
        -0.821714566379772,
        0.002533862408361953,
        0.5698936312511298
      ],
      [
        0.5698190811103017,
        -0.013121090584947814,
        0.821665413525769
      ]
    ],
    [
      [
        0.009008624664655795,
        0.9999245813113679,
        0.008347237323636014
      ],
      [
        -0.8234927460454814,
        0.0026831809554430652,
        0.5673204541971255
      ],
      [
        0.5672552704842184,
        -0.011984666421978263,
        0.8234548110726114
      ]
    ],
    [
      [
        0.009485578667012162,
        0.9998962777243124,
        0.010837785309581793
      ],
      [
        -0.8226406864821602,
        0.0016414702517942859,
        0.568559237476248
      ],
      [
        0.5684824753160929,
        -0.014308716520958054,
        0.822570930613288
      ]
    ]
  ],
  "t_top2target_samples": [
    [
      -0.08792878791606273,
      0.10502957217142328,
      0.45183805037844277
    ],
    [
      -0.08795100464484473,
      0.10508735934879955,
      0.45187442579726517
    ],
    [
      -0.08794744090575425,
      0.1050215572705411,
      0.45174655077620085
    ],
    [
      -0.08795992491637178,
      0.10508249491303259,
      0.4517488488229513
    ],
    [
      -0.0879229301598778,
      0.10514665393191852,
      0.45180026615549373
    ],
    [
      -0.08792615161537293,
      0.10513105769399238,
      0.45198401684529776
    ],
    [
      -0.08794752471707615,
      0.10503150216732945,
      0.4517422124240086
    ],
    [
      -0.08787781358295357,
      0.1051426546991395,
      0.45211258461123954
    ],
    [
      -0.08793532876408476,
      0.10494768876729087,
      0.45126305614242984
    ],
    [
      -0.0878894810078072,
      0.10510604560311841,
      0.4520195992423392
    ]
  ],
  "calib_result": {
    "frame_id": "end_effector",
    "stamp": 1765865640.4356403,
    "position": {
      "x": -0.06940446120386878,
      "y": 0.012791988121836413,
      "z": 0.07293946630004883
    },
    "orientation": {
      "x": 0.19857679157395824,
      "y": -0.18623698699140454,
      "z": 0.6837827391093868,
      "w": -0.6769964610104106
    }
  },
  "R_gripper2cam": [
    [
      -0.00448609925514476,
      0.8518723022558112,
      0.5237303271368354
    ],
    [
      -0.9998016756524277,
      -0.013983152911485996,
      0.0141802960918197
    ],
    [
      0.01940320272714452,
      -0.523562844445667,
      0.8517660850491123
    ]
  ],
  "t_gripper2cam": [
    -0.06940446120386878,
    0.012791988121836413,
    0.07293946630004883
  ],
  "R_base2top": [
    [
      0.012196058475458682,
      -0.8149688850856631,
      0.5793763651547192
    ],
    [
      -0.9999255343904148,
      -0.010187239423873562,
      0.006719064441151779
    ],
    [
      0.00042641729194053957,
      -0.5794151676433332,
      -0.8150324420985593
    ]
  ],
  "t_base2top": [
    -0.002400507680881861,
    -0.25492738345722044,
    0.369655725104389
  ]
}