{
  "joint_poses": [
    [
      -0.347432148,
      1.2577996200000001,
      -1.1249635599999999,
      -0.240186436,
      0.9983550080000001,
      0.18839519999999998,
      0.04277
    ],
    [
      -0.476099092,
      1.317353436,
      -0.935120508,
      -0.6071733080000001,
      0.9460404519999999,
      0.321440588,
      0.04277
    ],
    [
      -0.38402966000000005,
      1.106315924,
      -0.9325039080000002,
      0.303560488,
      0.8774506440000001,
      -0.410649204,
      0.04277
    ],
    [
      -0.672483644,
      1.299874548,
      -0.9325039080000002,
      -0.63740376,
      0.6678958719999999,
      0.26930047200000007,
      0.04277
    ],
    [
      -0.0029480360000000002,
      1.2447689520000003,
      -1.0039022,
      -0.517528592,
      0.750074556,
      0.283395224,
      0.04277
    ],
    [
      -0.0029480360000000002,
      0.8812708800000002,
      -0.5047770280000001,
      -0.629745844,
      0.9163333200000001,
      0.35974761200000005,
      0.04277
    ],
    [
      -0.1120777,
      1.254886472,
      -0.6755014559999999,
      -1.353008972,
      0.835619932,
      0.8895218920000001,
      0.04277
    ],
    [
      -0.11373488,
      0.9868768560000001,
      -0.8825617360000002,
      0.139691552,
      1.1326214760000002,
      -0.13034156800000002,
      0.04277
    ],
    [
      -0.5461716400000001,
      1.523750844,
      -0.9676884559999999,
      -0.425145168,
      0.5716398800000001,
      0.28548850400000003,
      0.04277
    ],
    [
      -0.14966952,
      1.322202868,
      -0.8728105400000001,
      -0.28632581600000007,
      0.5413745400000001,
      0.10422789999999998,
      0.04277
    ]
  ],
  "R_base2gripper_samples": [
    [
      [
        -0.8176970114412346,
        0.46671291430809037,
        0.33697277797786973
      ],
      [
        0.370149722928821,
        0.8746048475485496,
        -0.313138217501945
      ],
      [
        -0.44086367518291947,
        -0.13132180421631212,
        -0.8879154259509078
      ]
    ],
    [
      [
        -0.8481640792902452,
        0.5257549200552644,
        0.06480323016188089
      ],
      [
        0.42105075657738256,
        0.7433210900118443,
        -0.5197980545646721
      ],
      [
        -0.3214559923027488,
        -0.4135885892783875,
        -0.8518277547904676
      ]
    ],
    [
      [
        -0.8451915296600432,
        0.08049754889689785,
        0.5283667502904665
      ],
      [
        0.10641285656876638,
        0.9941450126291469,
        0.01876160498115926
      ],
      [
        -0.5237629064259819,
        0.07208216482726809,
        -0.8488089180528342
      ]
    ],
    [
      [
        -0.7831906263047711,
        0.5926997004826673,
        0.18793485019042436
      ],
      [
        0.3757968624867597,
        0.6920123229987972,
        -0.6163567659748013
      ],
      [
        -0.4953677028364366,
        -0.41209951451750704,
        -0.764712252498276
      ]
    ],
    [
      [
        -0.8263365976992084,
        0.14061293029414493,
        0.5453401059311433
      ],
      [
        -0.0651501949307075,
        0.9379600224866077,
        -0.3405678321823912
      ],
      [
        -0.5593954588691148,
        -0.31695267793633874,
        -0.7659097339410149
      ]
    ],
    [
      [
        -0.9250109087885922,
        0.16855468953451158,
        0.3405057051769142
      ],
      [
        9.71445146547012e-17,
        0.8962078636028133,
        -0.4436343823651201
      ],
      [
        -0.3799405461675592,
        -0.41036664320142546,
        -0.8290020503747207
      ]
    ],
    [
      [
        -0.8615852025167209,
        0.31880063101348055,
        0.3950153116901012
      ],
      [
        -0.10345469739951044,
        0.6515676015409241,
        -0.7515030180965233
      ],
      [
        -0.4969588155875664,
        -0.6883500695776926,
        -0.5283995811146985
      ]
    ],
    [
      [
        -0.9374060022511012,
        0.0040445606693567445,
        0.34821491707363766
      ],
      [
        0.03065473842224549,
        0.9970092040810804,
        0.07094317437128426
      ],
      [
        -0.3468865433479255,
        0.07717699467200463,
        -0.93472639715455
      ]
    ],
    [
      [
        -0.7955325574338781,
        0.549422780790668,
        0.2554653753661405
      ],
      [
        0.42075071325316016,
        0.8043147272652267,
        -0.41957914247638795
      ],
      [
        -0.43600090293446697,
        -0.2263016293633645,
        -0.8710285788582461
      ]
    ],
    [
      [
        -0.8540379277846052,
        0.1360028749458847,
        0.5021179501987869
      ],
      [
        0.014937108129337372,
        0.9712333911082526,
        -0.2376606462944523
      ],
      [
        -0.519996250665435,
        -0.19547101576146356,
        -0.8315016423862746
      ]
    ]
  ],
  "t_base2gripper_samples": [
    [
      0.223594,
      -0.097318,
      0.321903
    ],
    [
      0.197077,
      -0.145145,
      0.268183
    ],
    [
      0.198948,
      -0.060294,
      0.305032
    ],
    [
      0.18198,
      -0.186157,
      0.276456
    ],
    [
      0.250761,
      -0.032998,
      0.304243
    ],
    [
      0.127007,
      -0.041315,
      0.233336
    ],
    [
      0.214089,
      -0.088029,
      0.246816
    ],
    [
      0.160964,
      -0.007799,
      0.30353
    ],
    [
      0.245808,
      -0.172462,
      0.22131
    ],
    [
      0.255937,
      -0.054411,
      0.251232
    ]
  ],
  "R_cam2target_samples": [
    [
      [
        -0.40310726003016695,
        0.9057208935039074,
        -0.1310503719241392
      ],
      [
        -0.9151487637698217,
        -0.39852886517260167,
        0.06064226079892928
      ],
      [
        0.0026976066315286262,
        0.1443759214506425,
        0.9895192348932584
      ]
    ],
    [
      [
        -0.461949418021537,
        0.7923585608431072,
        -0.3984603446369578
      ],
      [
        -0.8528125447000601,
        -0.5202080718348806,
        -0.04576380229006011
      ],
      [
        -0.24354362810751432,
        0.31867141863756093,
        0.9160431366217168
      ]
    ],
    [
      [
        -0.02356198715456853,
        0.9967845041438337,
        0.07658645480801465
      ],
      [
        -0.9853101571889036,
        -0.036115185367002145,
        0.16691191547126227
      ],
      [
        0.16914114491071258,
        -0.07152863541714746,
        0.9829928419951259
      ]
    ],
    [
      [
        -0.5267975811482424,
        0.744950048941056,
        -0.40930884803419443
      ],
      [
        -0.8432142340816985,
        -0.5187007725059152,
        0.14120645893081984
      ],
      [
        -0.10711705717753542,
        0.4195222678052801,
        0.9014027972427971
      ]
    ],
    [
      [
        -0.06293658809137936,
        0.9477794213446937,
        -0.31265500852366634
      ],
      [
        -0.9783254744202585,
        0.003335767129855005,
        0.20704622372318618
      ],
      [
        0.19727709441238317,
        0.31890914244212754,
        0.9270268102309851
      ]
    ],
    [
      [
        -0.09446065726359598,
        0.9144478926157777,
        -0.3935253942503494
      ],
      [
        -0.9953999498378294,
        -0.09311074179444234,
        0.02256833235611283
      ],
      [
        -0.0160038774107005,
        0.39384697720441136,
        0.9190366883072578
      ]
    ],
    [
      [
        -0.23905245148142762,
        0.6816700456713168,
        -0.6915055128306533
      ],
      [
        -0.9687521308151484,
        -0.1189297075752016,
        0.21765806600534443
      ],
      [
        0.06613043536700419,
        0.7219291332884012,
        0.6887997474067689
      ]
    ],
    [
      [
        0.0509410086878096,
        0.994960948289409,
        0.086358120712001
      ],
      [
        -0.998194564234358,
        0.053479654974313506,
        -0.02734114914937536
      ],
      [
        -0.03182177818489261,
        -0.08480942095586089,
        0.9958889177766178
      ]
    ],
    [
      [
        -0.48543984227662457,
        0.844782922739968,
        -0.22514433809750445
      ],
      [
        -0.8718557225959173,
        -0.48689697270211146,
        0.05290498039192973
      ],
      [
        -0.06492887267770046,
        0.22197556491748552,
        0.9728880151756247
      ]
    ],
    [
      [
        -0.06394038298306737,
        0.9800438910053835,
        -0.1882168938406082
      ],
      [
        -0.9877752070239714,
        -0.03528413972071842,
        0.15183928962201873
      ],
      [
        0.1421680970285849,
        0.19562464360912438,
        0.970319138737392
      ]
    ]
  ],
  "t_cam2target_samples": [
    [
      -0.07401289147179957,
      0.0568047768973919,
      0.403866343621605
    ],
    [
      -0.2292729210013352,
      0.016537432641519356,
      0.2826415923978029
    ],
    [
      0.07931198169402284,
      0.0710838207673422,
      0.3994528980575266
    ],
    [
      -0.2767772365998506,
      0.105612799937994,
      0.2773434414197903
    ],
    [
      -0.061822847913074,
      0.14094071264745506,
      0.39105810119963047
    ],
    [
      -0.09974015549350183,
      -0.0725042225772923,
      0.3160206160345963
    ],
    [
      -0.2560763946954914,
      0.09551493993124562,
      0.23559086936554274
    ],
    [
      0.14283081864202715,
      -0.04702729533304113,
      0.3806465228018691
    ],
    [
      -0.14876215264999823,
      0.1070397593202911,
      0.2794424977242777
    ],
    [
      -0.016608256189692187,
      0.11080608522345,
      0.3425464028170993
    ]
  ],
  "R_top2target_samples": [
    [
      [
        0.02547234766580342,
        0.9994073456902298,
        0.023154197995223003
      ],
      [
        -0.8318865750830512,
        0.008347182145468701,
        0.5548829162506461
      ],
      [
        0.5543607901908139,
        -0.03339583702559229,
        0.8316061762447274
      ]
    ],
    [
      [
        0.02786313688952513,
        0.9990794087723494,
        0.032618715023259026
      ],
      [
        -0.83063756809883,
        0.0049869480570899904,
        0.5567911285319993
      ],
      [
        0.556115883665929,
        -0.04260827755458896,
        0.8300118424566569
      ]
    ],
    [
      [
        0.0243924038145657,
        0.9994786320956205,
        0.021153595921596546
      ],
      [
        -0.8319781583884439,
        0.008563617754543784,
        0.5547422900911081
      ],
      [
        0.5542719139562462,
        -0.031130827731062405,
        0.831753278901898
      ]
    ],
    [
      [
        0.023241442504147725,
        0.9995469125048625,
        0.019126030751917156
      ],
      [
        -0.810106591174628,
        0.007619185434089348,
        0.5862331097342977
      ],
      [
        0.5858217700681245,
        -0.02911902668905414,
        0.8099166228686332
      ]
    ],
    [
      [
        0.025567132938303816,
        0.9993670659815768,
        0.024734371726208515
      ],
      [
        -0.8327299246932724,
        0.007601706879450054,
        0.5536272090250406
      ],
      [
        0.5530887760872139,
        -0.03475171195630633,
        0.8323972154461199
      ]
    ],
    [
      [
        0.02588152223404111,
        0.9993792924792835,
        0.023899300626923914
      ],
      [
        -0.8315335117199125,
        0.00825248642063664,
        0.5554132833797081
      ],
      [
        0.5548713055237219,
        -0.034248010620829605,
        0.8312309595262417
      ]
    ],
    [
      [
        0.02630833788042075,
        0.9993670092619665,
        0.02394686110458094
      ],
      [
        -0.8317586873062378,
        0.008595425801643075,
        0.5550708105691493
      ],
      [
        0.5545136224192997,
        -0.03452100018946325,
        0.8314583231271099
      ]
    ],
    [
      [
        0.0251705095869606,
        0.9994051565458937,
        0.023574955283318766
      ],
      [
        -0.8331118498021652,
        0.00793649812690872,
        0.5530476089060472
      ],
      [
        0.5525315295676323,
        -0.0335610647471043,
        0.8328160443739621
      ]
    ],
    [
      [
        0.027201876338663666,
        0.9992086758754208,
        0.02901861435258568
      ],
      [
        -0.829373745360656,
        0.006354067691946685,
        0.5586580495528584
      ],
      [
        0.558031583720934,
        -0.03926382405031631,
        0.8288902844712633
      ]
    ],
    [
      [
        0.0254845325156014,
        0.9993724778535958,
        0.0246005916844671
      ],
      [
        -0.8334695763284797,
        0.00765325446859616,
        0.5525123464963149
      ],
      [
        0.5519773581744873,
        -0.03458436358823924,
        0.8331415953233343
      ]
    ]
  ],
  "t_top2target_samples": [
    [
      -0.13178178422688402,
      0.06574524415847692,
      0.6297636344888687
    ],
    [
      -0.13193809139114568,
      0.06630893208421462,
      0.6313314177220036
    ],
    [
      -0.13157686079833233,
      0.06577168946134851,
      0.629631265776811
    ],
    [
      -0.13176076225759886,
      0.06559526763526687,
      0.6285126692535566
    ],
    [
      -0.1317747220343222,
      0.0659214771694179,
      0.6303642836714829
    ],
    [
      -0.1318931571285274,
      0.065583583913019,
      0.6297571056803649
    ],
    [
      -0.13191090715582812,
      0.06567728928742955,
      0.629888151319435
    ],
    [
      -0.13161586032042277,
      0.06587374530548902,
      0.629929325332618
    ],
    [
      -0.13195599855486168,
      0.06605936540280292,
      0.6299838455075819
    ],
    [
      -0.13179013708987433,
      0.06605940224383887,
      0.6303969433391472
    ]
  ],
  "calib_result": {
    "frame_id": "end_effector",
    "stamp": 1769574630.9898334,
    "position": {
      "x": -0.07440854709447473,
      "y": 0.013768185348517219,
      "z": 0.06174910557234886
    },
    "orientation": {
      "x": 0.12391305830816678,
      "y": -0.12672487960853596,
      "z": 0.7129513838254241,
      "w": -0.6784443110310024
    }
  },
  "R_gripper2cam": [
    [
      -0.00448609925514476,
      0.8518723022558112,
      0.5237303271368354
    ],
    [
      -0.9998016756524277,
      -0.013983152911485996,
      0.0141802960918197
    ],
    [
      0.01940320272714452,
      -0.523562844445667,
      0.8517660850491123
    ]
  ],
  "t_gripper2cam": [
    -0.06940446120386878,
    0.012791988121836413,
    0.07293946630004883
  ],
  "R_base2top": [
    [
      0.005239127038597413,
      -0.8153263609488954,
      0.578977958725291
    ],
    [
      -0.9999414529539055,
      -0.009753354503123202,
      -0.004686442186616291
    ],
    [
      0.00946795713475379,
      -0.5789195084100791,
      -0.815329725062153
    ]
  ],
  "t_base2top": [
    -0.008739993453893813,
    -0.24107092271199804,
    0.43480349360376885
  ],
  "R_gripper2left": [
    [
      -0.048717741620770694,
      0.9359898860040237,
      0.34863952006269583
    ],
    [
      -0.9988013555881354,
      -0.047308243435741026,
      -0.012561137620774737
    ],
    [
      0.004736425516696202,
      -0.34883357550728933,
      0.9371727177378378
    ]
  ],
  "t_gripper2left": [
    -0.07440854709447473,
    0.013768185348517219,
    0.06174910557234886
  ]
}