{
  "joint_poses": [
    [
      0.226283568,
      1.690550372,
      -1.5630870640000003,
      0.09690141999999999,
      1.24558882,
      -0.043679776000000003,
      0.018100000000000005
    ],
    [
      0.226283568,
      1.7259791359999999,
      -1.4258376720000001,
      0.21778833999999997,
      1.081022124,
      -0.07364856800000001,
      0.018100000000000005
    ],
    [
      0.0933254,
      1.725682588,
      -1.5375490479999998,
      0.412219164,
      1.0924305000000003,
      -0.07364856800000001,
      0.018100000000000005
    ],
    [
      0.192913196,
      1.8696130320000002,
      -1.4003519880000002,
      0.74110834,
      1.128958236,
      -0.342704824,
      0.018100000000000005
    ],
    [
      -0.09027270000000001,
      1.745289644,
      -1.513982204,
      0.7031327520000001,
      1.04725054,
      -0.449060892,
      0.018100000000000005
    ],
    [
      0.012367796,
      1.6054062079999998,
      -1.0326848000000002,
      0.7029757560000001,
      1.2289298000000002,
      -0.514580556,
      0.018100000000000005
    ],
    [
      -0.09388360800000001,
      1.8226537839999999,
      -1.1017281520000002,
      0.9691188640000001,
      1.249199728,
      -0.6380143000000001,
      0.018100000000000005
    ],
    [
      -0.009070880000000002,
      1.475291412,
      -1.3205282439999997,
      0.404055372,
      1.0581704840000001,
      -0.44012956400000014,
      0.018100000000000005
    ],
    [
      0.16758450800000002,
      1.9743468080000002,
      -1.27201648,
      0.7243272119999999,
      0.7803747840000002,
      -0.45471274800000006,
      0.018100000000000005
    ],
    [
      -0.16296184800000002,
      1.761181128,
      -1.3109689320000002,
      0.8161349840000001,
      0.8813406560000001,
      -0.626710588,
      0.018100000000000005
    ]
  ],
  "R_base2gripper_samples": [
    [
      [
        -0.9523567430926918,
        -0.24682169251338074,
        0.17915268904124984
      ],
      [
        -0.22665504495089148,
        0.965822445712198,
        0.1257556915484055
      ],
      [
        -0.2040689209169049,
        0.07915842004069104,
        -0.9757509006157625
      ]
    ],
    [
      [
        -0.9597348654401248,
        -0.23394430963934115,
        0.15549613514810573
      ],
      [
        -0.2003941722318036,
        0.958107685279233,
        0.20462609595161824
      ],
      [
        -0.19685315286821325,
        0.16522627937541506,
        -0.9664104266871303
      ]
    ],
    [
      [
        -0.9637169760217394,
        -0.08980815106699827,
        0.2513644488177305
      ],
      [
        0.0019847668522209733,
        0.9392632074914673,
        0.3431919109672945
      ],
      [
        -0.26691880943098895,
        0.33123877045836325,
        -0.9050056497708594
      ]
    ],
    [
      [
        -0.9777817497169905,
        -0.2091089601516716,
        -0.014706893100423231
      ],
      [
        -0.17998579429842518,
        0.8014955315663257,
        0.570271888426896
      ],
      [
        -0.10746145248946548,
        0.5602484767168046,
        -0.8213243455330876
      ]
    ],
    [
      [
        -0.9113019551223512,
        -0.19830326294459383,
        0.36083869317980205
      ],
      [
        0.00380136953165687,
        0.8722883841518311,
        0.4889770183387673
      ],
      [
        -0.41172113885476397,
        0.44697739403611303,
        -0.7941642859262946
      ]
    ],
    [
      [
        -0.981405720299415,
        -0.17953002529079154,
        -0.06791010368622895
      ],
      [
        -0.1867338908903099,
        0.8111300807519984,
        0.5542548566248404
      ],
      [
        -0.044421460540514164,
        0.5566300046874444,
        -0.8295720413111228
      ]
    ],
    [
      [
        -0.9992746124303888,
        -0.030028938752330238,
        -0.023420328552465976
      ],
      [
        -0.0376546913483324,
        0.6872299810900313,
        0.7254633535268734
      ],
      [
        -0.005689742661885065,
        0.725818996670936,
        -0.6878622034245214
      ]
    ],
    [
      [
        -0.8701623929703826,
        -0.35105293654413733,
        0.3458023215708588
      ],
      [
        -0.24045078378563006,
        0.9150364212615811,
        0.3238699867874062
      ],
      [
        -0.43011722871437486,
        0.19867104345761202,
        -0.8806412357223172
      ]
    ],
    [
      [
        -0.9745948632515578,
        -0.1805124963354351,
        0.132589936233586
      ],
      [
        -0.0985489364798941,
        0.8772094734725513,
        0.4698847164663803
      ],
      [
        -0.2011292113104376,
        0.44488063378479215,
        -0.8727131613771404
      ]
    ],
    [
      [
        -0.8981682586459099,
        -0.13016733950809703,
        0.4199407611632354
      ],
      [
        0.09039328344322473,
        0.8800864177440544,
        0.4661297583407334
      ],
      [
        -0.43025903066562887,
        0.4566227776051272,
        -0.7786994320678884
      ]
    ]
  ],
  "t_base2gripper_samples": [
    [
      0.34065,
      0.085254,
      0.30373
    ],
    [
      0.344218,
      0.093733,
      0.259754
    ],
    [
      0.366141,
      0.064187,
      0.286309
    ],
    [
      0.358043,
      0.119747,
      0.214967
    ],
    [
      0.380341,
      0.01287,
      0.284535
    ],
    [
      0.277877,
      0.052429,
      0.217584
    ],
    [
      0.319793,
      0.036156,
      0.177831
    ],
    [
      0.30348,
      0.025905,
      0.315938
    ],
    [
      0.372732,
      0.101626,
      0.142715
    ],
    [
      0.373507,
      -0.012538,
      0.231232
    ]
  ],
  "R_cam2target_samples": [
    [
      [
        0.30694778841729103,
        0.9487760215304121,
        0.07488067944841918
      ],
      [
        -0.924819381279724,
        0.3159214354981666,
        -0.21190271022845936
      ],
      [
        -0.22470462210449205,
        -0.004208035373036698,
        0.9744178391445717
      ]
    ],
    [
      [
        0.28513809321734424,
        0.9444280066473609,
        0.16356041103051105
      ],
      [
        -0.9255530358383472,
        0.3156498340163603,
        -0.20908553306210204
      ],
      [
        -0.24909404980207034,
        -0.09176558475559765,
        0.9641220004790199
      ]
    ],
    [
      [
        0.12988855514667308,
        0.9371344459153573,
        0.32389503472703335
      ],
      [
        -0.9771083267597701,
        0.1764866057113128,
        -0.11879307968573818
      ],
      [
        -0.16848822219559506,
        -0.30105067394612506,
        0.9386054606158819
      ]
    ],
    [
      [
        0.227676294218488,
        0.7974680559291292,
        0.5587559438820783
      ],
      [
        -0.8751916926691214,
        0.4191367218298262,
        -0.2415862361491345
      ],
      [
        -0.4268524407027503,
        -0.43401510133446114,
        0.793364913315268
      ]
    ],
    [
      [
        0.22727333127481064,
        0.8649350855697282,
        0.44747528495073086
      ],
      [
        -0.9721654409333249,
        0.22837685103836536,
        0.05232943115221786
      ],
      [
        -0.05693143548308441,
        -0.4469130918425728,
        0.8927639665631382
      ]
    ],
    [
      [
        0.1995129126078411,
        0.8102392221964122,
        0.5510961808226305
      ],
      [
        -0.8618529278637032,
        0.4127067279002211,
        -0.2947586936438954
      ],
      [
        -0.46626615621927664,
        -0.41615569149111287,
        0.780647367256212
      ]
    ],
    [
      [
        0.03931577751000315,
        0.6933056663270382,
        0.7195703736797437
      ],
      [
        -0.8968485719568792,
        0.34200817298569064,
        -0.2805228129580495
      ],
      [
        -0.4405870045946553,
        -0.6343166895564171,
        0.6352365140107247
      ]
    ],
    [
      [
        0.3908241210024746,
        0.8979290734158656,
        0.20243489214354504
      ],
      [
        -0.9194149809691208,
        0.39132394689136957,
        0.03926399570742217
      ],
      [
        -0.0439613376979706,
        -0.20146698911704164,
        0.9785082795173066
      ]
    ],
    [
      [
        0.2135175397863519,
        0.8709272042330939,
        0.44260147438786346
      ],
      [
        -0.9331856571466511,
        0.3158878083562381,
        -0.1714042643217074
      ],
      [
        -0.2890930464389567,
        -0.3764315309038545,
        0.8801843630978818
      ]
    ],
    [
      [
        0.16143473588566254,
        0.8739342937554457,
        0.4584513891872258
      ],
      [
        -0.9868825632009841,
        0.14235692849119436,
        0.07614007722880892
      ],
      [
        0.0012776929922296287,
        -0.464729335321888,
        0.885451869043086
      ]
    ]
  ],
  "t_cam2target_samples": [
    [
      -0.3163569842837229,
      -0.05178511786347702,
      0.3866567249413438
    ],
    [
      -0.2763626118958815,
      -0.03986477814057734,
      0.37076904900618013
    ],
    [
      -0.22708013824038195,
      0.0617252637628473,
      0.4678058133536387
    ],
    [
      -0.0820443830464548,
      -0.0569916030292639,
      0.3944552405715451
    ],
    [
      -0.20641806976643587,
      0.11414387964424706,
      0.5156051936220104
    ],
    [
      -0.121577944546911,
      -0.17422550633513265,
      0.38756274712787864
    ],
    [
      -0.06401336951329603,
      -0.09553423092770605,
      0.425607199714213
    ],
    [
      -0.2874686472006025,
      -0.030684845417196228,
      0.4739422141905738
    ],
    [
      -0.1917822658793983,
      0.019281332246869603,
      0.34060392148045404
    ],
    [
      -0.24459689036550675,
      0.14542128991670375,
      0.4784434869933422
    ]
  ],
  "R_top2target_samples": [
    [
      [
        0.02530340968297229,
        0.9994180939234897,
        0.02287380590883198
      ],
      [
        -0.8314858294565389,
        0.00833825958287071,
        0.5554833830458841
      ],
      [
        0.554969416158573,
        -0.0330748690922264,
        0.831212969198114
      ]
    ],
    [
      [
        0.02691653981813985,
        0.9991880346243392,
        0.029979515469212015
      ],
      [
        -0.8311506669963443,
        0.005707184353403838,
        0.5560179824414748
      ],
      [
        0.5553954164698791,
        -0.0398835744424505,
        0.8306294190876837
      ]
    ],
    [
      [
        0.025873948151049264,
        0.9993950448557066,
        0.023239688572290085
      ],
      [
        -0.831995222983729,
        0.008640813113332979,
        0.5547154994057725
      ],
      [
        0.5541791116050224,
        -0.03368798994598321,
        0.8317154751440348
      ]
    ],
    [
      [
        0.02477690684838829,
        0.9994359575971017,
        0.0226687350549285
      ],
      [
        -0.8091756639335137,
        0.006734147090704079,
        0.5875282088212598
      ],
      [
        0.5870441634023656,
        -0.03290012043936952,
        0.8088861058828316
      ]
    ],
    [
      [
        0.024991726205305043,
        0.9994331052388901,
        0.022558408051744694
      ],
      [
        -0.8329294727189154,
        0.008339137368961913,
        0.5533163220655355
      ],
      [
        0.5528145322777513,
        -0.03261789294990608,
        0.8326656988023704
      ]
    ],
    [
      [
        0.02586844247644432,
        0.9993797536576365,
        0.02389417634163621
      ],
      [
        -0.8325585781076714,
        0.008307766541778727,
        0.5538747105929464
      ],
      [
        0.553332664590819,
        -0.03422117757017751,
        0.8322570956756903
      ]
    ],
    [
      [
        0.02630833788042075,
        0.9993670092619665,
        0.02394686110458094
      ],
      [
        -0.8317586873062378,
        0.008595425801643075,
        0.5550708105691493
      ],
      [
        0.5545136224192997,
        -0.03452100018946325,
        0.8314583231271099
      ]
    ],
    [
      [
        0.026011316039025678,
        0.9993741352111507,
        0.023973929775541414
      ],
      [
        -0.8323816667361073,
        0.008371678722781273,
        0.5541395815830004
      ],
      [
        0.5535920630929765,
        -0.03436935941106839,
        0.8320784667410488
      ]
    ],
    [
      [
        0.02523089162020775,
        0.9993767076122717,
        0.02469004637714034
      ],
      [
        -0.8297096616136588,
        0.007158044028264032,
        0.5581492988714016
      ],
      [
        0.5576246762231718,
        -0.03456817449252192,
        0.8293731137306402
      ]
    ],
    [
      [
        0.02555035014387025,
        0.9993831758777733,
        0.024092475588479767
      ],
      [
        -0.8326015878812535,
        0.007935370028657907,
        0.5538155159979934
      ],
      [
        0.5532827265197613,
        -0.03420961377981552,
        0.8322907706203975
      ]
    ]
  ],
  "t_top2target_samples": [
    [
      -0.1317410915383437,
      0.06568533067342334,
      0.6294865645342624
    ],
    [
      -0.13182709685621408,
      0.06629993083229178,
      0.6309923856323755
    ],
    [
      -0.13182041489766033,
      0.06569275700498545,
      0.630002479016279
    ],
    [
      -0.13176223877287205,
      0.06567070405474704,
      0.6288150042099541
    ],
    [
      -0.13166381079003178,
      0.06584724727520798,
      0.63008175992803
    ],
    [
      -0.1317994996836988,
      0.06576501772900287,
      0.6304515961836075
    ],
    [
      -0.13191090715582812,
      0.06567728928742955,
      0.629888151319435
    ],
    [
      -0.1317903746965602,
      0.06576232861284668,
      0.6304541970985231
    ],
    [
      -0.13166963126919154,
      0.06593885765093516,
      0.6294333170497023
    ],
    [
      -0.13181726455979964,
      0.06591628733216962,
      0.6299471557874424
    ]
  ],
  "calib_result": {
    "frame_id": "end_effector",
    "stamp": 1769574612.302467,
    "position": {
      "x": -0.0645910950325322,
      "y": 0.004940586250272676,
      "z": 0.061202263675467064
    },
    "orientation": {
      "x": -0.13211005485550595,
      "y": 0.12308322326439988,
      "z": -0.6949195709113872,
      "w": 0.6960490237916108
    }
  },
  "R_gripper2cam": [
    [
      0.022034477076780745,
      0.8962718826138841,
      0.44295732780451524
    ],
    [
      -0.9996772441819682,
      0.02535589628565571,
      -0.0015767017145006113
    ],
    [
      -0.012644733476758402,
      -0.44277961895204143,
      0.8965413095646997
    ]
  ],
  "t_gripper2cam": [
    -0.08097714985629513,
    0.00643756609415728,
    0.07010493431269256
  ],
  "R_base2top": [
    [
      -0.03267472317240383,
      -0.8026871928246284,
      0.5955045196645657
    ],
    [
      -0.9981985851247752,
      0.05620521045529936,
      0.02098949672033623
    ],
    [
      -0.050318457056077404,
      -0.5937459429697132,
      -0.803077709867795
    ]
  ],
  "t_base2top": [
    -0.01402010984229378,
    0.2984137014555928,
    0.43256542361652506
  ],
  "R_gripper2left": [
    [
      0.003874620230358672,
      0.9348751151386077,
      0.35495564006315694
    ],
    [
      -0.9999172406476171,
      -0.0007325532591828665,
      0.012844268035887646
    ],
    [
      0.012267810469915208,
      -0.3549760308250367,
      0.9347949071138422
    ]
  ],
  "t_gripper2left": [
    -0.0645910950325322,
    0.004940586250272676,
    0.061202263675467064
  ]
}