{
  "joint_poses": [
    [
      0.226283568,
      1.690550372,
      -1.5630870640000003,
      0.09690141999999999,
      1.24558882,
      -0.043679776000000003,
      0.018100000000000005
    ],
    [
      0.226283568,
      1.7259791359999999,
      -1.4258376720000001,
      0.21778833999999997,
      1.081022124,
      -0.07364856800000001,
      0.018100000000000005
    ],
    [
      0.0933254,
      1.725682588,
      -1.5375490479999998,
      0.412219164,
      1.0924305000000003,
      -0.07364856800000001,
      0.018100000000000005
    ],
    [
      0.192913196,
      1.8696130320000002,
      -1.4003519880000002,
      0.74110834,
      1.128958236,
      -0.342704824,
      0.018100000000000005
    ],
    [
      -0.09027270000000001,
      1.745289644,
      -1.513982204,
      0.7031327520000001,
      1.04725054,
      -0.449060892,
      0.018100000000000005
    ],
    [
      0.012367796,
      1.6054062079999998,
      -1.0326848000000002,
      0.7029757560000001,
      1.2289298000000002,
      -0.514580556,
      0.018100000000000005
    ],
    [
      -0.09388360800000001,
      1.8226537839999999,
      -1.1017281520000002,
      0.9691188640000001,
      1.249199728,
      -0.6380143000000001,
      0.018100000000000005
    ],
    [
      -0.009070880000000002,
      1.475291412,
      -1.3205282439999997,
      0.404055372,
      1.0581704840000001,
      -0.44012956400000014,
      0.018100000000000005
    ],
    [
      0.16758450800000002,
      1.9743468080000002,
      -1.27201648,
      0.7243272119999999,
      0.7803747840000002,
      -0.45471274800000006,
      0.018100000000000005
    ],
    [
      -0.16296184800000002,
      1.761181128,
      -1.3109689320000002,
      0.8161349840000001,
      0.8813406560000001,
      -0.626710588,
      0.018100000000000005
    ]
  ],
  "R_base2gripper_samples": [
    [
      [
        -0.9523441874219715,
        -0.24456467809888408,
        0.1822873196631462
      ],
      [
        -0.22426483237985753,
        0.9664763385870815,
        0.12501508672533776
      ],
      [
        -0.20675065572137674,
        0.07817675599370011,
        -0.9752653798741563
      ]
    ],
    [
      [
        -0.9629938892648384,
        -0.22333643582737914,
        0.15087612690715188
      ],
      [
        -0.18963015959389148,
        0.9592303178005726,
        0.20956526426058258
      ],
      [
        -0.19152851435484816,
        0.17319940486080065,
        -0.9660842584085971
      ]
    ],
    [
      [
        -0.9670452531125047,
        -0.08356508315039271,
        0.2405002189409396
      ],
      [
        0.005974931811726127,
        0.9368942752399707,
        0.34956175021362856
      ],
      [
        -0.25453443504252454,
        0.3394790036226658,
        -0.9055198658654291
      ]
    ],
    [
      [
        -0.9777573947327689,
        -0.20864151498013334,
        -0.02142884206351666
      ],
      [
        -0.18255844974453472,
        0.7962927398103805,
        0.5767064114019802
      ],
      [
        -0.1032612680159436,
        0.5677909745250207,
        -0.8166703862487403
      ]
    ],
    [
      [
        -0.9121751110969386,
        -0.21081785960899435,
        0.35141484994969907
      ],
      [
        -0.00907496104027447,
        0.8677077278478676,
        0.49699189542205624
      ],
      [
        -0.40970014861774784,
        0.45015456134862497,
        -0.7934145569118466
      ]
    ],
    [
      [
        -0.9776216271878536,
        -0.19707237707436576,
        -0.07361000101095323
      ],
      [
        -0.20405773120773324,
        0.8032593834084624,
        0.5595844934418839
      ],
      [
        -0.0511507222717923,
        0.5620825928282394,
        -0.8254978876112028
      ]
    ],
    [
      [
        -0.9989948258179853,
        -0.04049095400469508,
        -0.019230721065085173
      ],
      [
        -0.041590829984745954,
        0.6772539324195093,
        0.7345728785379233
      ],
      [
        -0.016719475173383895,
        0.7346343264959108,
        -0.6782572266359026
      ]
    ],
    [
      [
        -0.8734916087179646,
        -0.3477132860713994,
        0.3407460640839917
      ],
      [
        -0.23514648595308096,
        0.914190835437746,
        0.33009278475233866
      ],
      [
        -0.4262845758917629,
        0.2082080380078191,
        -0.8803015808606246
      ]
    ],
    [
      [
        -0.976271195953257,
        -0.17406482886765506,
        0.128825414042694
      ],
      [
        -0.09298969400755158,
        0.8742271386122537,
        0.47652893608070995
      ],
      [
        -0.1955696008084577,
        0.45324203850162154,
        -0.8696690093216587
      ]
    ],
    [
      [
        -0.8989601353615632,
        -0.1447133549414844,
        0.41343526691889804
      ],
      [
        0.0739711605745105,
        0.8801412088148796,
        0.46891333948731195
      ],
      [
        -0.4317394381267254,
        0.4521166856547799,
        -0.7805072453978611
      ]
    ]
  ],
  "t_base2gripper_samples": [
    [
      0.339163,
      0.083747,
      0.305848
    ],
    [
      0.342864,
      0.092913,
      0.261513
    ],
    [
      0.363545,
      0.064352,
      0.288489
    ],
    [
      0.356536,
      0.120213,
      0.217202
    ],
    [
      0.377986,
      0.014855,
      0.286647
    ],
    [
      0.276832,
      0.05388,
      0.219109
    ],
    [
      0.319292,
      0.037273,
      0.180516
    ],
    [
      0.301433,
      0.02677,
      0.317549
    ],
    [
      0.371758,
      0.10236,
      0.145164
    ],
    [
      0.372213,
      -0.011891,
      0.232368
    ]
  ],
  "R_cam2target_samples": [
    [
      [
        0.2551516627168915,
        0.964321571729096,
        0.0705799922834481
      ],
      [
        -0.9199353437894724,
        0.26458417331650297,
        -0.2893340257857137
      ],
      [
        -0.2976853914113875,
        0.008895028293864682,
        0.9546225883624901
      ]
    ],
    [
      [
        0.2292455577802383,
        0.9592442004349218,
        0.16521815327013883
      ],
      [
        -0.9157303807062875,
        0.2700832737696007,
        -0.2974775539119092
      ],
      [
        -0.32997627807093244,
        -0.08309987462001742,
        0.9403244475969941
      ]
    ],
    [
      [
        0.07981971928136133,
        0.9407762464284142,
        0.32949790070637575
      ],
      [
        -0.9633393814141151,
        0.15774108697955247,
        -0.21701379148611627
      ],
      [
        -0.25613677719241135,
        -0.3000963239271239,
        0.9188776565652862
      ]
    ],
    [
      [
        0.1917179313664612,
        0.8104278705168382,
        0.5535800768471607
      ],
      [
        -0.8466300329111438,
        0.42187463705255057,
        -0.32440619288887645
      ],
      [
        -0.4964492140848257,
        -0.4064830344569404,
        0.7670135073994704
      ]
    ],
    [
      [
        0.20011757290096505,
        0.8713530432656869,
        0.44799199882124363
      ],
      [
        -0.9697526843724715,
        0.24137623391007762,
        -0.03629386801890086
      ],
      [
        -0.13975939384747216,
        -0.4271784026551596,
        0.8933005788290824
      ]
    ],
    [
      [
        0.18273080082229587,
        0.8167981667338129,
        0.5472204393579657
      ],
      [
        -0.8223000033199797,
        0.43206532766674066,
        -0.37032722984975536
      ],
      [
        -0.5389175808700287,
        -0.38230917782406765,
        0.7506047785490588
      ]
    ],
    [
      [
        0.014294503684577797,
        0.6952336774122485,
        0.7186416359746024
      ],
      [
        -0.8640337413939772,
        0.3703051435044217,
        -0.34105687858023825
      ],
      [
        -0.5032309220399094,
        -0.6160553826451084,
        0.6059986836758406
      ]
    ],
    [
      [
        0.34222083217649346,
        0.9156381583266285,
        0.21093047442379684
      ],
      [
        -0.9312483653049736,
        0.360414008091297,
        -0.05364909028474597
      ],
      [
        -0.12514545193990326,
        -0.17806882317740574,
        0.9760277199295986
      ]
    ],
    [
      [
        0.16668867774535395,
        0.8830005364560384,
        0.4387766371741487
      ],
      [
        -0.9155318775819431,
        0.3038237996926407,
        -0.2636142634069877
      ],
      [
        -0.3660823211284424,
        -0.3577724854690131,
        0.8590591264857952
      ]
    ],
    [
      [
        0.13346610463236203,
        0.8839480607476449,
        0.4481323742096094
      ],
      [
        -0.9875941001572226,
        0.15637419850053852,
        -0.014317939026270488
      ],
      [
        -0.0827326552753459,
        -0.4406619293106589,
        0.8938525447786668
      ]
    ]
  ],
  "t_cam2target_samples": [
    [
      -0.29706751700975725,
      0.07327417233874216,
      0.36245919694621975
    ],
    [
      -0.2572032217416934,
      0.08495446060104497,
      0.3477607725880375
    ],
    [
      -0.1930254001781797,
      0.1629867469429651,
      0.43095272276285806
    ],
    [
      -0.09056281879514705,
      0.05724252705333105,
      0.3752783834493418
    ],
    [
      -0.20097186957179036,
      0.2027474922234732,
      0.46045313371335417
    ],
    [
      -0.13077941286497957,
      -0.05991789457860182,
      0.36096226337848225
    ],
    [
      -0.06620376281646836,
      0.017809963896043706,
      0.4012540767666154
    ],
    [
      -0.2874505396253764,
      0.07482978530274169,
      0.41485636483698823
    ],
    [
      -0.18520930988070267,
      0.14286372211645285,
      0.31360446143443543
    ],
    [
      -0.23904474719492627,
      0.23585571742297476,
      0.418488769642182
    ]
  ],
  "R_top2target_samples": [
    [
      [
        0.009566011395714558,
        0.999889063138375,
        0.011417216921827789
      ],
      [
        -0.8224322276279799,
        0.0013727338028058922,
        0.5688614475957967
      ],
      [
        0.5687826670924985,
        -0.014831622236614772,
        0.8223541211649483
      ]
    ],
    [
      [
        0.009865170959005076,
        0.9999014726546214,
        0.009986159675718254
      ],
      [
        -0.8215173234128319,
        0.002410753226813722,
        0.5701784594330935
      ],
      [
        0.5700982070964319,
        -0.013828711147418793,
        0.8214601639844961
      ]
    ],
    [
      [
        0.009967597298280062,
        0.9998842763840103,
        0.011492643043432726
      ],
      [
        -0.8218823233520809,
        0.0016455416906005493,
        0.5696549295441325
      ],
      [
        0.569570095392556,
        -0.015123691102668646,
        0.8218036142546138
      ]
    ],
    [
      [
        0.008173218110188563,
        0.999937541943129,
        0.007623038662936399
      ],
      [
        -0.8229882752977412,
        0.002396320045372047,
        0.5680533041649258
      ],
      [
        0.5679995574189938,
        -0.01091649499489128,
        0.822956458695631
      ]
    ],
    [
      [
        0.00979035427897379,
        0.9999008810635709,
        0.010118152567871574
      ],
      [
        -0.8214952094769016,
        0.0022734737643500535,
        0.5702108839048448
      ],
      [
        0.5701313618540851,
        -0.013894580430418135,
        0.8214360418590536
      ]
    ],
    [
      [
        0.00951312344128552,
        0.9999081772038161,
        0.009650784596775819
      ],
      [
        -0.8216575128906982,
        0.002316018560685862,
        0.5699768131847989
      ],
      [
        0.5699021249238008,
        -0.01335189945172821,
        0.8216040985708191
      ]
    ],
    [
      [
        0.009679550730174069,
        0.9998973949029876,
        0.010559638435158392
      ],
      [
        -0.8227635333392606,
        0.0019622908255049754,
        0.5683804338836902
      ],
      [
        0.5683013940725096,
        -0.014189752673511524,
        0.8226981077006967
      ]
    ],
    [
      [
        0.00981482424467539,
        0.999888068404643,
        0.01129247037092762
      ],
      [
        -0.8219338925198743,
        0.0016353482678999054,
        0.5695805491439913
      ],
      [
        0.5694983279625798,
        -0.014871997111175816,
        0.8218579428038347
      ]
    ],
    [
      [
        0.009327307262074813,
        0.9999092144831517,
        0.009724409027076497
      ],
      [
        -0.8235369749705296,
        0.002165325683078645,
        0.5672584615685129
      ],
      [
        0.5671859062032736,
        -0.013299404361596046,
        0.8234824063985815
      ]
    ],
    [
      [
        0.009777556510256746,
        0.9998847853328562,
        0.011611005492927984
      ],
      [
        -0.8227301463444082,
        0.0014444094368968874,
        0.5684303123316763
      ],
      [
        0.5683480497765407,
        -0.01511058374936819,
        0.8226494785593412
      ]
    ]
  ],
  "t_top2target_samples": [
    [
      -0.08793177389661644,
      0.10517613682221962,
      0.45189297671618706
    ],
    [
      -0.08797424584682098,
      0.10498896542049654,
      0.4517759917547571
    ],
    [
      -0.08798933729892819,
      0.1050693916963512,
      0.4518072876855492
    ],
    [
      -0.08787316693399683,
      0.1049812282145662,
      0.45124543364604025
    ],
    [
      -0.08796539749147408,
      0.10500427311014009,
      0.45155924730456515
    ],
    [
      -0.08789659311330086,
      0.1050364456108455,
      0.45158621458683823
    ],
    [
      -0.08793274048637771,
      0.10520850424387457,
      0.4521367061461669
    ],
    [
      -0.08798664531317403,
      0.10508009416011886,
      0.45184095972631366
    ],
    [
      -0.08794558275442572,
      0.10504602505839168,
      0.45161202169971165
    ],
    [
      -0.08795000964175724,
      0.10514573300926686,
      0.4519887002387502
    ]
  ],
  "calib_result": {
    "frame_id": "end_effector",
    "stamp": 1765865643.0807235,
    "position": {
      "x": -0.08097714985629513,
      "y": 0.00643756609415728,
      "z": 0.07010493431269256
    },
    "orientation": {
      "x": -0.15822236822461722,
      "y": 0.16338612980006528,
      "z": -0.6799174464966801,
      "w": 0.6971247526316822
    }
  },
  "R_gripper2cam": [
    [
      0.022034477076780745,
      0.8962718826138841,
      0.44295732780451524
    ],
    [
      -0.9996772441819682,
      0.02535589628565571,
      -0.0015767017145006113
    ],
    [
      -0.012644733476758402,
      -0.44277961895204143,
      0.8965413095646997
    ]
  ],
  "t_gripper2cam": [
    -0.08097714985629513,
    0.00643756609415728,
    0.07010493431269256
  ],
  "R_base2top": [
    [
      -0.02462546248173325,
      -0.7988585307863968,
      0.6010146706922888
    ],
    [
      -0.9994542254153082,
      0.03291524740267848,
      0.0027996049555028546
    ],
    [
      -0.022019034880011334,
      -0.6006177105932027,
      -0.7992330872935209
    ]
  ],
  "t_base2top": [
    0.007849493756613951,
    0.300475539328838,
    0.3670172046164736
  ]
}