{
  "joint_poses": [
    [
      -0.24114585600000002,
      1.1186662760000001,
      -1.2410184920000003,
      0.11167648799999999,
      1.13848266,
      0.022118992,
      0.0
    ],
    [
      -0.6216867160000001,
      1.4486369799999999,
      -1.4867346759999998,
      -0.29844939600000003,
      1.143314648,
      0.022118992,
      0.0
    ],
    [
      -0.3688184920000001,
      1.048715836,
      -1.263800356,
      0.29597234800000005,
      1.194355792,
      0.022485316,
      0.0
    ],
    [
      -0.9185312640000001,
      1.3478106600000002,
      -1.282064224,
      -0.046174268000000004,
      1.120445564,
      0.022014328000000003,
      0.0
    ],
    [
      -0.48525719200000006,
      1.8125537079999998,
      -1.647812572,
      -0.6122320680000001,
      1.1813425680000003,
      2.0040888279999995,
      0.0
    ],
    [
      -0.4876121320000001,
      0.909390608,
      -1.031934708,
      -0.853674472,
      1.1795458360000002,
      0.5574230200000001,
      0.0
    ],
    [
      -0.5341876120000001,
      1.4605163440000002,
      -1.121335208,
      -0.07645705200000001,
      0.9459009,
      -0.5691628320000001,
      0.0
    ],
    [
      -0.5728609600000001,
      1.4605163440000002,
      -1.121335208,
      -0.17763225200000002,
      0.6293969640000001,
      -0.5691628320000001,
      0.0
    ],
    [
      -0.668209864,
      1.4605163440000002,
      -1.121335208,
      -0.21791044800000003,
      0.9329748959999999,
      -0.5691628320000001,
      0.0
    ],
    [
      -0.7790141520000002,
      1.4576729720000003,
      -1.121335208,
      0.179045216,
      1.288309176,
      -1.4203253680000003,
      0.0
    ]
  ],
  "R_gripper2base_samples": [
    [
      [
        -0.8250669978027808,
        0.23933545706002485,
        0.5118427376944749
      ],
      [
        0.26634626477084006,
        0.9636429797061005,
        -0.021257349453059675
      ],
      [
        -0.4983212983400645,
        0.1187886638405237,
        -0.8588161252349978
      ]
    ],
    [
      [
        -0.7823775426649107,
        0.589328093551219,
        0.20143926847787583
      ],
      [
        0.464467916789954,
        0.7675870476543305,
        -0.4416782522901814
      ],
      [
        -0.4149155757577876,
        -0.2519970682857133,
        -0.8742668600427386
      ]
    ],
    [
      [
        -0.7439176858091464,
        0.3052246063643079,
        0.5944950936804424
      ],
      [
        0.39983852577145884,
        0.916094650539453,
        0.029995742396281236
      ],
      [
        -0.5354583364270941,
        0.2600164051031222,
        -0.8035395690493271
      ]
    ],
    [
      [
        -0.5619944921561812,
        0.8047145216121866,
        0.19130271689807682
      ],
      [
        0.7448718114225384,
        0.5929315748236044,
        -0.30593811813062255
      ],
      [
        -0.3596222675728274,
        -0.029439536064113453,
        -0.9326334426676472
      ]
    ],
    [
      [
        0.7001172667457375,
        0.7139225517567871,
        -0.012263885907630084
      ],
      [
        0.5996916469662026,
        -0.5972444670713629,
        -0.5326058346578707
      ],
      [
        -0.3875638545626271,
        0.3655319912753484,
        -0.846274554734359
      ]
    ],
    [
      [
        -0.5105575068205017,
        0.8547438383125056,
        0.09350937437518647
      ],
      [
        0.4853823877790141,
        0.37626783838042666,
        -0.7891935449776969
      ],
      [
        -0.7097428899701471,
        -0.35754088530869665,
        -0.6069839746397736
      ]
    ],
    [
      [
        -0.9779351820637997,
        -0.039454084504304175,
        0.2051491040628017
      ],
      [
        -0.08024625748215203,
        0.9776113144171384,
        -0.19451646738439213
      ],
      [
        -0.19288161613267132,
        -0.20668694477281904,
        -0.9592065413760097
      ]
    ],
    [
      [
        -0.924360640690197,
        5.023057665913544e-05,
        0.3815198597972293
      ],
      [
        -0.15151895569946333,
        0.9177072525961241,
        -0.3672266392790941
      ],
      [
        -0.3501419883512293,
        -0.39725734229761317,
        -0.8482848530912741
      ]
    ],
    [
      [
        -0.9900073225836546,
        0.035256477061321664,
        0.13653747491428206
      ],
      [
        -0.008726064098726203,
        0.951069256157273,
        -0.30885453825028486
      ],
      [
        -0.1407457176474248,
        -0.30695968923895567,
        -0.9412578776011574
      ]
    ],
    [
      [
        -0.8233283552546001,
        -0.5596236910407341,
        0.09461365577811857
      ],
      [
        -0.5506502047006018,
        0.8280081815485058,
        0.10576768576423742
      ],
      [
        -0.13753098377071526,
        0.034982505837661715,
        -0.9898795142785698
      ]
    ]
  ],
  "t_gripper2base_samples": [
    [
      0.200076,
      -0.040417,
      0.379279
    ],
    [
      0.227785,
      -0.189033,
      0.368637
    ],
    [
      0.175676,
      -0.04489,
      0.402733
    ],
    [
      0.157576,
      -0.21038,
      0.337933
    ],
    [
      0.319945,
      -0.219681,
      0.294887
    ],
    [
      0.096437,
      -0.118705,
      0.382142
    ],
    [
      0.240859,
      -0.148482,
      0.267062
    ],
    [
      0.253888,
      -0.173766,
      0.273844
    ],
    [
      0.217692,
      -0.188113,
      0.266128
    ],
    [
      0.193175,
      -0.171807,
      0.26324
    ]
  ],
  "R_target2cam_samples": [
    [
      [
        -0.21991743785805146,
        0.9663235869891349,
        0.13362277408586534
      ],
      [
        -0.9651617126845826,
        -0.19562510838776487,
        -0.17376330261605485
      ],
      [
        -0.1417716082074034,
        -0.16718116579545486,
        0.9756799008432835
      ]
    ],
    [
      [
        -0.5658949662079619,
        0.7918852261750319,
        -0.22952271300725002
      ],
      [
        -0.7492603428833816,
        -0.6101086296974924,
        -0.2576361747715678
      ],
      [
        -0.3440520684471571,
        0.02617725223103122,
        0.9385855984740369
      ]
    ],
    [
      [
        -0.29341382450987774,
        0.91609443912194,
        0.27327514741802816
      ],
      [
        -0.9553971949303689,
        -0.27097003341273596,
        -0.11743696569429754
      ],
      [
        -0.03353397539316659,
        -0.29554393853056626,
        0.9547404112596113
      ]
    ],
    [
      [
        -0.7920750826747085,
        0.6101658339023905,
        -0.017740308454310363
      ],
      [
        -0.5711230826802443,
        -0.7510257258668904,
        -0.3313288147987212
      ],
      [
        -0.21548895061155338,
        -0.2523053987220861,
        0.9433485559113453
      ]
    ],
    [
      [
        -0.736689075172855,
        -0.5813330938892368,
        0.34545772602466324
      ],
      [
        0.5262693388872713,
        -0.8136656669112663,
        -0.2469590359492818
      ],
      [
        0.4246525514678064,
        -0.00012821471055661504,
        0.9053563906511458
      ]
    ],
    [
      [
        -0.842695824148517,
        0.41721202851187444,
        -0.34029086268611275
      ],
      [
        -0.4844927791306314,
        -0.8632995529141019,
        0.14135285249541063
      ],
      [
        -0.23479883929212508,
        0.28398592430491865,
        0.9296351434104415
      ]
    ],
    [
      [
        0.062216500955432075,
        0.9820958661672043,
        -0.17781118262401627
      ],
      [
        -0.876303622160705,
        -0.03152244534237775,
        -0.48072684263276255
      ],
      [
        -0.4777248881907774,
        0.1857257254580672,
        0.8586529485806147
      ]
    ],
    [
      [
        0.030776299501270643,
        0.9287451505131333,
        -0.36943912189607825
      ],
      [
        -0.9529359773051406,
        -0.08426657325490944,
        -0.29122528700195593
      ],
      [
        -0.3016054418383473,
        0.36101466733390797,
        0.8824412543752038
      ]
    ],
    [
      [
        0.030844941496251277,
        0.9288964688618457,
        -0.3690527600765062
      ],
      [
        -0.952957233645116,
        -0.08405701695536782,
        -0.2912162920305343
      ],
      [
        -0.30153125945337944,
        0.360674046802039,
        0.8826058755389632
      ]
    ],
    [
      [
        0.5708432596447851,
        0.8180804219707064,
        0.0698741447629054
      ],
      [
        -0.681286863866387,
        0.5194446072384802,
        -0.5157766077808921
      ],
      [
        -0.4582424926185038,
        0.24682326308330854,
        0.8538688978758322
      ]
    ]
  ],
  "t_target2cam_samples": [
    [
      0.1329854139400681,
      -0.007576465870467342,
      0.3994181755393036
    ],
    [
      -0.14098200440653294,
      0.05156546157495717,
      0.3891294544014746
    ],
    [
      0.18673514848531694,
      -0.01058197823035002,
      0.4062408358994934
    ],
    [
      -0.10064468407636527,
      0.012664531927527445,
      0.37437253517157315
    ],
    [
      0.2750075938048247,
      0.03765917937813192,
      0.25202700048033677
    ],
    [
      -0.24667578524385828,
      0.11590278398483939,
      0.36476223899176086
    ],
    [
      -0.08592766436396083,
      -0.030170553382374697,
      0.2716846829998427
    ],
    [
      -0.1710355132563903,
      0.048297965932041075,
      0.268227037015523
    ],
    [
      -0.17104057632720057,
      0.04835938527107174,
      0.26815309165017487
    ],
    [
      -0.007910882337242431,
      -0.11640217386649991,
      0.2365476276203092
    ]
  ],
  "calib_result": {
    "frame_id": "end_effector",
    "stamp": 1765337624.4889965,
    "position": {
      "x": -0.06578954124412519,
      "y": -0.0017866113510359308,
      "z": 0.0754889813287157
    },
    "orientation": {
      "x": -0.22464320165972004,
      "y": 0.23708278715641004,
      "z": -0.6311142317347962,
      "w": 0.7035780059694992
    }
  },
  "R_gripper2cam": [
    [
      0.09097315707189257,
      0.7815581126754289,
      0.6171635125342345
    ],
    [
      -0.9945942581363324,
      0.10246051689973656,
      0.016855389609175986
    ],
    [
      -0.0500614260145581,
      -0.6153606739042237,
      0.7866543679644373
    ]
  ],
  "t_gripper2cam": [
    -0.06578954124412519,
    -0.0017866113510359308,
    0.0754889813287157
  ]
}