{
  "joint_poses": [
    [
      -0.24114585600000002,
      1.1186662760000001,
      -1.2410184920000003,
      0.11167648799999999,
      1.13848266,
      0.022118992,
      0.0
    ],
    [
      -0.6216867160000001,
      1.4486369799999999,
      -1.4867346759999998,
      -0.29844939600000003,
      1.143314648,
      0.022118992,
      0.0
    ],
    [
      -0.3688184920000001,
      1.048715836,
      -1.263800356,
      0.29597234800000005,
      1.194355792,
      0.022485316,
      0.0
    ],
    [
      -0.9185312640000001,
      1.3478106600000002,
      -1.282064224,
      -0.046174268000000004,
      1.120445564,
      0.022014328000000003,
      0.0
    ],
    [
      -0.48525719200000006,
      1.8125537079999998,
      -1.647812572,
      -0.6122320680000001,
      1.1813425680000003,
      2.0040888279999995,
      0.0
    ],
    [
      -0.4876121320000001,
      0.909390608,
      -1.031934708,
      -0.853674472,
      1.1795458360000002,
      0.5574230200000001,
      0.0
    ],
    [
      -0.5341876120000001,
      1.4605163440000002,
      -1.121335208,
      -0.07645705200000001,
      0.9459009,
      -0.5691628320000001,
      0.0
    ],
    [
      -0.5728609600000001,
      1.4605163440000002,
      -1.121335208,
      -0.17763225200000002,
      0.6293969640000001,
      -0.5691628320000001,
      0.0
    ],
    [
      -0.668209864,
      1.4605163440000002,
      -1.121335208,
      -0.21791044800000003,
      0.9329748959999999,
      -0.5691628320000001,
      0.0
    ],
    [
      -0.7790141520000002,
      1.4576729720000003,
      -1.121335208,
      0.179045216,
      1.288309176,
      -1.4203253680000003,
      0.0
    ]
  ],
  "calib_result": {
    "frame_id": "end_effector",
    "stamp": 1765359526.4459257,
    "position": {
      "x": -0.06388606881200624,
      "y": 0.009405562203928537,
      "z": 0.07321678162756709
    },
    "orientation": {
      "x": 0.24359131083655725,
      "y": -0.2317558674652538,
      "z": 0.6662564306539276,
      "w": -0.6656236622842095
    }
  },
  "R_gripper2left": [
    [
      0.004783173015431519,
      0.7740446596846965,
      0.6331129331087044
    ],
    [
      -0.999859521884395,
      -0.006468716205568326,
      0.015462606758271547
    ],
    [
      0.01606417607639976,
      -0.6330979549202904,
      0.7739049823607109
    ]
  ],
  "t_gripper2left": [
    -0.06388606881200624,
    0.009405562203928537,
    0.07321678162756709
  ],
  "R_base2gripper_samples": [
    [
      [
        -0.826502352904681,
        0.23472987019751543,
        0.5116597977954529
      ],
      [
        0.2585507963403417,
        0.9656646300555213,
        -0.025363516544602317
      ],
      [
        -0.5000453442986958,
        0.11132704207330196,
        -0.8588136837221493
      ]
    ],
    [
      [
        -0.7803764310075619,
        0.5916961282648437,
        0.20225804736596692
      ],
      [
        0.4682303684668673,
        0.7673159499400622,
        -0.4381627038132774
      ],
      [
        -0.4144550011440106,
        -0.24722848695887303,
        -0.8758453786272694
      ]
    ],
    [
      [
        -0.745898202490012,
        0.30466414700772654,
        0.5922969095396525
      ],
      [
        0.39869089551659026,
        0.9165740800923956,
        0.030619038766067377
      ],
      [
        -0.5335554716750154,
        0.2589820712536546,
        -0.8051377803921629
      ]
    ],
    [
      [
        -0.563856189839627,
        0.8034310254066209,
        0.1912192056086531
      ],
      [
        0.7435265390050921,
        0.5946253244691231,
        -0.30592320816685253
      ],
      [
        -0.3594919790129507,
        -0.030320140402971596,
        -0.9326554594872087
      ]
    ],
    [
      [
        0.7001391871447967,
        0.7138959084493288,
        -0.012559877528514035
      ],
      [
        0.6005583409960238,
        -0.5983175402706148,
        -0.5304203993669789
      ],
      [
        -0.3861797478951058,
        0.3638251680461773,
        -0.8476416987217205
      ]
    ],
    [
      [
        -0.5111166809220535,
        0.8543300006501089,
        0.09423369075022242
      ],
      [
        0.4850994402747475,
        0.37723582148591683,
        -0.7889053606314081
      ],
      [
        -0.7095338410029153,
        -0.35750997884958446,
        -0.6072465261280786
      ]
    ],
    [
      [
        -0.9776793920807327,
        -0.039414410142493375,
        0.20637226212301052
      ],
      [
        -0.08043141515357326,
        0.9776342030456606,
        -0.19432486328740836
      ],
      [
        -0.19409738214886568,
        -0.20658622729600276,
        -0.9589829700962171
      ]
    ],
    [
      [
        -0.921662121920959,
        0.0018961139809129945,
        0.38798883716922467
      ],
      [
        -0.15381996171182588,
        0.9162597421424711,
        -0.3698749847015681
      ],
      [
        -0.3561998770285136,
        -0.4005801913235154,
        -0.8441902379938352
      ]
    ],
    [
      [
        -0.9904632883986768,
        0.0363084306453541,
        0.13290662962603128
      ],
      [
        -0.006257921340690588,
        0.9517998750452914,
        -0.3066558923031833
      ],
      [
        -0.13763470766842667,
        -0.30456312273129743,
        -0.9424956188318263
      ]
    ],
    [
      [
        -0.8234409095770464,
        -0.5597361933570058,
        0.09295408695229661
      ],
      [
        -0.5503303633419381,
        0.8277589109727596,
        0.10932372335921312
      ],
      [
        -0.13813601854280055,
        0.03886616975468435,
        -0.9896503732277088
      ]
    ]
  ],
  "t_base2gripper_samples": [
    [
      0.199626,
      -0.039338,
      0.379678
    ],
    [
      0.227888,
      -0.188919,
      0.368084
    ],
    [
      0.175472,
      -0.044858,
      0.402378
    ],
    [
      0.157789,
      -0.210375,
      0.337758
    ],
    [
      0.320132,
      -0.219346,
      0.294038
    ],
    [
      0.096569,
      -0.118645,
      0.38237
    ],
    [
      0.241071,
      -0.148284,
      0.267142
    ],
    [
      0.254424,
      -0.173819,
      0.274481
    ],
    [
      0.217306,
      -0.188166,
      0.265898
    ],
    [
      0.192868,
      -0.171379,
      0.263701
    ]
  ],
  "R_left2target_samples": [
    [
      [
        -0.2201005743103544,
        0.9672146685268067,
        0.12669460199563354
      ],
      [
        -0.9653528138238144,
        -0.19730735408220662,
        -0.17077398182253326
      ],
      [
        -0.14017732352522771,
        -0.15989244200917865,
        0.9771308637831708
      ]
    ],
    [
      [
        -0.569145862344038,
        0.79078693292865,
        -0.22523102380880086
      ],
      [
        -0.7486647795866405,
        -0.6116556075469188,
        -0.25569213042817107
      ],
      [
        -0.3399618143014723,
        0.02309641672876364,
        0.9401555830558805
      ]
    ],
    [
      [
        -0.29317302740355095,
        0.9160614922139824,
        0.27364378027963493
      ],
      [
        -0.955346588860612,
        -0.2696479024599237,
        -0.12084247536092847
      ],
      [
        -0.036911666928355735,
        -0.2968524063935744,
        0.9542097136703831
      ]
    ],
    [
      [
        -0.7921515514906635,
        0.6101536357886385,
        -0.014438151018758796
      ],
      [
        -0.5714428522360734,
        -0.7497874502034526,
        -0.33357434875257796
      ],
      [
        -0.21435714613522022,
        -0.25599085970266755,
        0.9426132259041634
      ]
    ],
    [
      [
        -0.7342070516327215,
        -0.5814639361115232,
        0.3504849445189918
      ],
      [
        0.5236803460177193,
        -0.8135697194713623,
        -0.2527117068005572
      ],
      [
        0.43208668172896536,
        -0.002000640143403093,
        0.9018298602904367
      ]
    ],
    [
      [
        -0.843606097349328,
        0.41850770259580006,
        -0.33642243590911364
      ],
      [
        -0.48442058668393406,
        -0.8634670842150172,
        0.14057485434461542
      ],
      [
        -0.23165804046445154,
        0.28155975803584227,
        0.9311598439274369
      ]
    ],
    [
      [
        0.06143016883207064,
        0.9821688499339691,
        -0.17768141314343366
      ],
      [
        -0.8781211579803827,
        -0.03144335159826872,
        -0.4774039668325551
      ],
      [
        -0.4744782042037916,
        0.1853528145447269,
        0.86053167743895
      ]
    ],
    [
      [
        0.0285283780136521,
        0.9282993793590333,
        -0.37073763489770517
      ],
      [
        -0.955806419346918,
        -0.08323653226808403,
        -0.2819676726704817
      ],
      [
        -0.29260933064947514,
        0.3623974916822938,
        0.8848999026100343
      ]
    ],
    [
      [
        -0.01068434906637361,
        0.9602031591275894,
        -0.27909807933130826
      ],
      [
        -0.8496074738512637,
        -0.15590449791386196,
        -0.5038461351507033
      ],
      [
        -0.5273072966128025,
        0.23174054615371903,
        0.8174615184871236
      ]
    ],
    [
      [
        0.5706863821266189,
        0.8175677733446507,
        0.07681138745980753
      ],
      [
        -0.6738384532155335,
        0.5197035348702167,
        -0.5252142180210841
      ],
      [
        -0.4693173683375975,
        0.24797413540865804,
        0.8474963338829263
      ]
    ]
  ],
  "t_left2target_samples": [
    [
      0.13170889907505384,
      -0.008051449146175579,
      0.4005267797287864
    ],
    [
      -0.1389125601242572,
      0.05119942301777504,
      0.3894564853534361
    ],
    [
      0.18645393835804563,
      -0.012420602853438833,
      0.40580657845191065
    ],
    [
      -0.10072114893550707,
      0.01246086610636323,
      0.3747864731605795
    ],
    [
      0.27435530361864324,
      0.037266073549812935,
      0.251363315508447
    ],
    [
      -0.24759594262195758,
      0.1155618422398361,
      0.36552759229737136
    ],
    [
      -0.08594083587336537,
      -0.030176953908895337,
      0.2718258528994888
    ],
    [
      -0.1721725335144774,
      0.050639619818144146,
      0.26816965642128143
    ],
    [
      -0.15431044952939257,
      -0.04893109833603234,
      0.23505319403831634
    ],
    [
      -0.005353855397350791,
      -0.11660448137060696,
      0.2361698948301879
    ]
  ],
  "R_top2target_samples": [
    [
      [
        0.026840541047702948,
        0.9995310189755024,
        -0.014742030459231281
      ],
      [
        -0.8237624960428378,
        0.030470215026887182,
        0.5661156384604555
      ],
      [
        0.5662993338063719,
        -0.0030509182240085475,
        0.8241940041206622
      ]
    ],
    [
      [
        0.02776959064439971,
        0.9995218824647631,
        -0.013596187316249397
      ],
      [
        -0.8235058875985841,
        0.03058504904231668,
        0.5664826633406772
      ],
      [
        0.5666276581017824,
        -0.004534451364295311,
        0.8239614892850966
      ]
    ],
    [
      [
        0.027111517013727826,
        0.9995481231602765,
        -0.01298133783486316
      ],
      [
        -0.8253807436176019,
        0.029709552924325533,
        0.5637942625907887
      ],
      [
        0.5639251667645884,
        -0.004570771467181656,
        0.8258132442251855
      ]
    ],
    [
      [
        0.025589555858830326,
        0.9995923359975266,
        0.012662402850789456
      ],
      [
        -0.8336318616187329,
        0.014346773062834994,
        0.5521341226520682
      ],
      [
        0.5517273728255953,
        -0.024684649434241313,
        0.8336591474681215
      ]
    ],
    [
      [
        0.027811644031246474,
        0.9995218970346769,
        -0.013508878727733042
      ],
      [
        -0.824629652531188,
        0.030579360579425785,
        0.5648458540813113
      ],
      [
        0.5649888924771633,
        -0.0045694698548983115,
        0.8250858569401575
      ]
    ],
    [
      [
        0.027403977447732486,
        0.9995120508485682,
        -0.014989403875189766
      ],
      [
        -0.822893680158836,
        0.03106988773847541,
        0.5673452680956862
      ],
      [
        0.5675341515492188,
        -0.0032128312137298387,
        0.8233435883887725
      ]
    ],
    [
      [
        0.02713881548519742,
        0.9995204153207482,
        -0.014913887859972885
      ],
      [
        -0.8214750680087375,
        0.030800778578070342,
        0.5694119990648469
      ],
      [
        0.5695982771516264,
        -0.0032017801336323704,
        0.8219169977983637
      ]
    ],
    [
      [
        0.025583936219556014,
        0.9995295737921757,
        -0.016914293433237415
      ],
      [
        -0.8254811271883722,
        0.03066631138879017,
        0.5635960308604211
      ],
      [
        0.5638495995062234,
        -0.00045657489826428366,
        0.8258773641867381
      ]
    ],
    [
      [
        0.02865751945509587,
        0.9994853546792912,
        -0.014414310954474208
      ],
      [
        -0.8112103869172558,
        0.031680034316712846,
        0.583895610176381
      ],
      [
        0.5840517568985107,
        -0.005039961041850061,
        0.8117007724872878
      ]
    ],
    [
      [
        0.023038955625627522,
        0.9992542643164986,
        -0.030985831745713344
      ],
      [
        -0.8261203140762639,
        0.03648384423669049,
        0.5623114402003999
      ],
      [
        0.5630225867531563,
        0.012642956735123223,
        0.8263447963476132
      ]
    ]
  ],
  "t_top2target_samples": [
    [
      -0.056446353750813694,
      0.2431161002875513,
      0.7170572034498056
    ],
    [
      -0.05661487690504127,
      0.24270684889256713,
      0.7166248594702849
    ],
    [
      -0.056394450131631406,
      0.24349931110343379,
      0.7181669378083104
    ],
    [
      -0.05632108782692765,
      0.24849870728344942,
      0.7297112128143136
    ],
    [
      -0.05659371293463227,
      0.24273095225768904,
      0.7167591182430343
    ],
    [
      -0.056569609834614114,
      0.2422829666771762,
      0.715507516373448
    ],
    [
      -0.05655986437769533,
      0.2424750175507109,
      0.7152848183601179
    ],
    [
      -0.05645769229964491,
      0.24278707763906285,
      0.7156281556647837
    ],
    [
      -0.05674246965167231,
      0.2418407663451157,
      0.7138094294329979
    ],
    [
      -0.05578992057462307,
      0.24209569501318032,
      0.7134474060928095
    ]
  ],
  "R_base2top": [
    [
      0.005028963031363576,
      -0.8155144849053478,
      0.5787148127017265
    ],
    [
      -0.9995751728882184,
      -0.020714061427704822,
      -0.020503692463985035
    ],
    [
      0.028708592377850672,
      -0.5783658466478934,
      -0.8152722024912586
    ]
  ],
  "t_base2top": [
    0.0007752659414531557,
    -0.1527432268260858,
    0.6667714113098725
  ]
}